100
57079
81568
7029
2531
44512
65864
42071
42769
70793
6540
94844
12951
81502
28916
4207
3607
3938
10534
18950
57487
54348
28016
21200
23249
48708
62038
28560
44819
47358
49435
87049
49935
18585
59801
72520
49190
74793
68515
69743
52068
68238
94821
59297
34670
54956
11057
33900
97766
48612
86441
38653
40158
96505
61954
65024
72066
41705
64926
56447
43051
67959
22365
93217
84454
15653
25323
8138
87018
28239
20471
90363
6188
86564
14135
39424
86635
28552
38252
32772
56810
17035
20097
51052
44361
88105
27194
68761
55619
94153
76997
86500
80692
71800
13796
68768
49319
56657
60351
89316
82668
