100
3
4
5
6
7
8
9
10
11
12
13
14
15
16
17
18
19
20
21
22
23
24
25
26
27
28
29
30
31
32
33
34
35
36
37
38
39
40
41
42
43
44
45
46
47
48
49
50
51
52
100000
99999
99998
99997
99996
99995
99994
99993
99992
99991
99990
99989
99988
99987
99986
99985
99984
99983
99982
99981
99980
99979
99978
99977
99976
99975
99974
99973
99972
99971
99970
99969
99968
99967
99966
99965
99964
99963
99962
99961
99960
99959
99958
99957
99956
99955
99954
99953
99952
99951
